370 659
140 510
555 515
233 627
443 256
5 368
719 436
825 558
677 765
358 573
717 879
88 879
467 217
59 886
141 998
949 21
333 188
943 661
788 634
775 704
683 990
477 907
71 506
93 428
522 356
259 784
793 53
434 827
511 834
567 370
270 841
111 987
593 562
991 494
567 233
490 516
904 839
823 771
9 480
648 785
997 968
480 380
413 219
936 885
305 199
602 524
100 639
275 44
199 564
64 393
855 705
13 577
595 443
880 958
905 312
145 740
380 232
689 957
30 767
646 863
952 621
712 8
551 869
527 879
63 391
866 613
882 270
613 2
626 235
681 911
713 548
256 97
512 979
779 971
67 585
891 471
459 300
450 70
965 639
741 27
311 363
446 182
734 454
240 961
348 174
664 963
733 373
598 334
336 988
631 463
173 33
504 651
730 762
480 988
896 742
840 95
40 522
584 566
540 368
545 776
999 111
466 254
263 967
93 183
917 299
501 835
171 758
494 542
780 186
144 644
429 723
540 557
31 500
659 649
687 289
228 668
746 111
955 329
120 193
586 407
912 167
837 998
987 797
701 241
181 278
595 682
447 413
540 157
859 637
505 814
705 883
736 181
787 622
747 155
41 571
473 721
728 615
614 577
34 656
303 325
812 371
794 23
371 527
858 346
221 252
210 478
804 421
946 717
358 243
920 63
5 525
563 938
373 607
749 135
50 324
364 994
803 766
987 98
540 873
842 677
424 664
498 988
486 505
864 203
313 842
855 553
895 28
224 79
962 731
21 961
825 600
230 800
434 680
242 518
110 789
818 422
876 717
961 50
779 680
26 25
101 880
383 460
474 576
22 846
868 55
802 693
372 167
644 708
709 72
48 918
752 873
627 909
439 883
565 21
674 59
633 244
166 193
106 222
190 769
254 875
85 475
805 830
277 323
323 331
35 342
733 458
534 172
447 34
238 465
166 39
602 308
286 117
665 301
313 821
726 716
442 616
353 357
954 191
834 558
753 803
933 251
73 431
754 123
586 745
299 615
743 631
605 29
686 674
98 118
33 511
845 914
709 310
449 241
176 172
325 983
363 211
879 187
261 894
160 531
168 893
626 24
590 313
725 957
284 182
80 375
839 254
504 635
522 259
109 326
653 426
735 627
736 543
602 142
574 443
287 585
262 394
228 158
703 20
470 623
568 791
888 591
763 229
562 771
2 224
225 426
969 695
457 69
281 199
840 757
691 400
822 396
990 378
430 336
421 83
508 667
516 911
139 327
708 37
940 413
156 357
698 929
720 804
142 243
466 14
601 154
931 99
28 730
162 880
131 899
474 867
721 755
702 457
311 654
997 699
900 269
134 209
858 172
623 152
154 955
776 861
462 596
32 766
285 491
922 276
608 842
255 63
25 736
202 165
306 780
167 999
343 777
368 507
890 87
162 98
973 793
150 963
635 785
949 244
469 361
4 595
469 611
532 505
983 872
406 22
608 170
247 982
148 461
265 878
252 572
871 206
989 30
206 593
124 34
87 149
238 634
122 612
843 937
593 864
852 52
329 954
73 549
706 683
922 782
231 644
627 251
534 673
519 311
833 372
639 885
738 23
368 961
426 565
362 203
325 936
908 331
764 879
59 523
633 407
879 64
64 299
321 858
918 906
665 137
116 726
772 170
88 82
550 115
334 920
93 566
684 404
104 24
688 928
303 495
375 544
73 444
673 230
901 320
605 255
92 689
200 369
313 614
486 245
740 161
871 24
534 955
834 223
230 90
623 450
372 602
323 803
167 498
723 989
733 140
772 909
562 463
639 928
307 659
830 291
155 814
19 462
924 840
710 695
535 658
183 307
672 17
268 622
580 187
48 379
531 154
920 865
123 750
700 750
881 812
605 554
753 526
254 484
109 183
343 335
34 239
31 967
805 761
898 576
241 801
240 382
992 747
309 774
224 486
958 135
325 617
326 381
762 727
6 143
931 656
289 95
859 457
694 957
143 963
8 304
131 165
140 488
386 736
904 847
303 930
626 546
215 276
412 649
476 769
497 397
229 873
805 194
265 888
429 730
757 101
342 821
81 253
255 729
300 532
243 238
419 728
128 929
902 627
881 741
449 437
454 112
447 920
327 567
388 663
208 819
139 341
19 156
328 407
105 587
359 124
992 466
707 606
670 296
209 655
385 53
156 510
533 664
475 170
454 640
163 643
987 97
77 529
770 940
699 884
266 984
533 182
8 955
31 844
900 642
598 786
520 76
363 301
181 184
180 226
791 858
886 579
471 367
188 326
786 428
720 378
914 785
867 924
729 3
804 105
3 690
948 351
596 931
969 935
562 878
677 827
120 702
452 371
561 290
918 692
373 20
439 929
311 881
159 414
234 22
124 394
822 762
107 914
30 893
621 647
386 903
541 620
591 141
29 436
746 720
892 387
856 812
509 841
926 165
133 345
509 219
715 431
798 703
571 355
41 258
376 802
985 719
418 792
857 945
601 987
936 352
447 981
538 644
81 504
498 88
599 479
106 384
293 876
600 890
199 512
247 69
959 782
784 263
849 115
951 405
942 132
74 603
124 267
831 592
713 495
2 496
312 378
49 516
371 788
117 169
691 180
498 150
289 824
157 245
255 980
249 795
296 65
638 571
525 587
586 645
862 279
52 818
361 983
140 312
881 31
363 557
876 64
404 59
718 102
904 147
822 933
407 485
996 805
291 911
747 61
607 710
395 624
162 69
391 141
514 209
315 314
850 869
775 967
281 919
778 440
254 639
931 113
314 189
139 921
589 18
353 722
814 357
862 641
29 471
693 443
352 768
984 866
95 219
426 408
915 291
760 583
306 947
250 639
166 712
887 392
149 42
453 749
430 499
627 39
432 669
660 78
901 336
223 614
414 71
753 893
902 611
236 109
483 364
881 81
334 388
167 941
7 144
812 205
650 611
666 472
794 19
321 871
790 66
68 505
347 88
420 33
926 754
499 546
359 152
428 885
966 939
145 227
568 407
938 379
137 373
365 743
899 590
634 444
508 925
53 494
145 485
93 667
23 374
340 246
876 560
685 655
622 49
532 888
249 596
511 92
465 72
904 165
42 355
872 661
567 449
442 182
715 911
822 452
318 484
357 934
341 667
755 587
785 863
434 454
272 762
212 374
564 183
255 559
56 924
694 364
29 750
978 118
554 173
306 670
816 747
278 429
516 666
841 856
383 315
970 518
929 308
329 547
535 41
68 990
990 904
185 771
553 268
847 854
314 810
248 427
206 615
712 597
902 184
885 238
785 135
833 424
129 928
339 430
253 229
10 543
674 958
793 999
695 745
465 952
516 798
363 584
941 534
789 742
23 324
15 34
452 152
613 794
397 996
375 557
87 950
940 469
120 805
755 41
620 980
299 489
757 57
369 385
441 806
954 859
273 578
276 649
651 948
835 534
392 887
258 420
495 156
85 841
632 74
901 80
940 614
783 49
989 894
80 19
551 408
690 378
393 599
398 688
301 83
71 155
517 667
942 743
20 999
892 544
186 186
751 480
335 319
920 631
207 265
482 438
32 87
20 159
66 267
84 121
43 891
859 766
899 391
196 705
722 63
285 178
689 25
166 547
576 918
249 229
45 882
536 392
126 956
269 337
141 479
236 429
965 825
416 503
808 884
678 86
373 244
165 174
999 861
692 669
289 101
128 183
417 595
806 940
839 111
338 736
152 981
612 849
311 931
556 326
98 960
13 942
358 388
67 585
418 996
493 674
935 913
137 602
892 698
316 729
567 310
947 133
335 186
308 347
974 834
804 521
242 67
988 289
787 412
255 658
932 989
806 717
123 583
983 432
39 218
190 245
728 444
449 373
509 295
684 975
769 468
918 177
168 872
807 144
650 642
159 457
361 620
641 789
632 967
678 117
593 86
818 550
631 284
894 161
869 360
855 292
717 148
393 918
450 537
1000 488
79 408
227 555
714 716
893 408
621 381
784 102
150 983
301 996
13 710
371 171
393 557
930 656
894 952
310 748
666 952
692 81
943 33
730 226
454 739
46 946
237 944
98 721
589 778
911 443
935 27
592 167
604 763
194 267
333 52
872 349
719 768
654 257
476 886
902 642
930 836
660 579
419 956
410 596
815 368
187 88
218 562
176 519
316 71
656 737
208 586
446 946
94 258
313 391
627 330
198 661
509 293
588 376
128 689
285 522
288 475
206 125
911 430
773 26
184 67
288 410
122 305
636 664
563 799
552 485
531 562
534 439
819 113
718 393
938 484
866 61
717 591
94 855
705 286
43 792
233 356
905 79
770 726
665 170
277 122
120 790
13 717
41 861
330 840
995 909
360 529
92 315
340 529
43 530
698 188
446 218
932 564
245 849
714 720
497 23
134 460
224 100
719 341
23 113
120 456
620 349
662 284
693 21
828 614
293 743
492 535
568 903
314 359
858 222
16 30
102 699
619 463
350 832
818 462
41 797
370 830
710 659
939 105
354 658
813 405
502 537
235 904
599 479
598 985
559 302
621 148
778 45
755 738
741 375
840 760
151 346
980 237
366 541
534 209
627 346
643 669
589 25
350 790
415 734
844 71
682 436
436 298
92 989
108 401
159 737
289 306
847 828
827 870
756 482
851 777
884 584
726 506
478 524
196 85
512 516
412 522
332 281
906 722
310 643
395 552
968 488
153 303
724 868
345 222
174 787
395 224
862 84
465 265
468 102
245 716
76 329
327 623
46 750
350 24
900 313
624 748
520 578
871 390
214 131
457 691
509 429
705 780
396 646
711 94
426 192
223 886
440 731
558 98
44 26
813 894
379 142
117 795
561 583
717 864
394 411
148 867
486 306
741 220
718 981
984 657
484 309
185 498
623 737
638 166
442 724
416 677
170 506
310 415
19 346
853 10
941 687
956 676
522 50
150 963
134 577
965 264
242 160
20 652
259 494
745 803
226 771
927 668
623 240
977 92
505 201
731 517
764 916
428 757
43 629
621 138
969 635
76 635
847 69
363 155
896 919
338 963
998 136
558 621
470 407
47 750
311 346
253 9
273 191
344 544
880 665
660 409
572 605
513 550
409 557
940 264
958 462
711 399
560 634
938 85
354 947
260 270
962 126
930 542
392 959
11 289
217 783
313 795
437 167
102 677
4 643
848 359
672 42
480 387
200 748
947 383
1 563
994 709
198 118
415 520
422 21
681 523
702 167
120 124
733 57
375 442
87 43
645 793
344 671
613 254
754 194
525 334
934 577
676 51
376 917
688 389
999 789
197 425
755 376
734 179
455 355
631 608
875 484
967 673
159 691
422 221
312 158
405 635
941 9
402 99
938 706
57 468
588 227
302 5
549 35
463 388
288 677
345 32
877 604
304 369
637 127
993 948
366 67
570 268
433 99
753 12
701 458
264 355
753 369
71 205
571 615
679 234
776 318
293 587
499 276
612 52
936 179
581 94
579 610
763 930
203 316
815 607
656 634
392 640
134 735
852 890
782 208
207 476
378 833
687 426
372 16
259 628
685 527
469 168
696 584
741 251
167 962
534 694
84 282
376 509
724 194
22 521
844 157
53 300
917 167
186 712
566 644
561 8
165 639
706 530
847 368
135 888
154 577
662 75
896 70
87 742
781 947
264 60
22 607
879 252
937 424
222 981
303 369
911 8
487 383
797 948
512 485
514 748
55 259
126 532
408 183
960 294
864 271
977 143
525 505
131 912
438 557
673 128
292 929
572 807
193 818
909 81
912 174
6 507
875 169
987 10
876 439
140 523
117 381
315 521
185 572
476 297
913 898
336 440
74 757
785 923
428 404
89 753
172 882
397 600
666 163
40 214
269 483
57 970
136 272
667 533
238 185
77 956
992 259
379 222
662 131
160 954
515 503
406 22
896 969
486 543
293 677
491 276
56 628
443 130
296 35
49 453
213 54
911 13
92 401
9 156
746 962
515 134
333 495
31 922
718 669
438 536
169 193
943 41
871 78
232 211
173 594
84 609
252 976
3 930
106 790
908 784
963 482
137 417
994 311
499 129
605 808
394 26
114 195
285 601
961 536
610 308
935 305
117 776
678 306
509 648
941 942
256 715
315 426
826 523
109 710
522 703
638 652
302 424
24 93
999 385
797 278
392 749
399 694
535 121
497 504
519 161
10 543
663 534
103 406
800 29
78 799
353 20
396 235
984 23
578 49
937 359
526 7
351 164
625 644
500 807
393 446
883 56
131 165
951 661
750 614
212 483
229 814
980 878
353 6
248 171
196 376
78 683
523 215
123 20
344 675
64 109
509 331
343 581
694 517
380 840
432 440
174 505
152 179
456 83
111 904
580 211
294 936
609 218
898 44
904 472
895 157
309 426
349 872
542 118
417 994
567 692
811 427
196 484
566 669
21 946
254 630
626 637
717 338
891 642
394 290
351 356
211 532
635 422
928 498
930 491
997 812
727 249
412 357
641 562
160 19
371 172
666 827
492 263
783 992
227 445
180 465
894 301
836 27
222 486
451 779
565 400
49 556
703 773
986 614
37 848
881 328
745 370
960 288
63 688
993 905
337 555
779 671
838 478
935 17
653 556
436 690
664 260
882 275
307 177
924 639
588 870
251 362
118 388
602 447
893 846
393 17
116 16
986 504
556 127
563 548
314 522
24 720
127 288
604 237
343 445
862 483
445 683
487 945
571 842
805 805
630 803
265 400
582 145
958 294
707 375
307 909
302 30
452 866
778 756
685 674
673 210
821 630
230 487
909 815
708 746
956 863
919 400
637 415
803 905
342 934
484 628
812 330
953 823
789 168
891 409
65 51
751 32
321 972
179 437
363 665
232 199
644 720
333 312
678 302
901 414
378 106
650 834
545 287
705 628
390 309
180 443
706 676
954 665
176 794
477 306
203 702
50 631
930 329
861 209
161 184
784 182
829 40
960 50
460 427
753 46
419 432
810 311
601 508
417 762
349 378
284 955
418 724
347 225
220 646
664 973
124 891
871 30
109 981
297 576
753 214
953 977
554 747
922 34
324 529
229 558
983 530
394 655
591 45
646 34
225 524
752 785
786 488
305 166
120 156
259 747
681 78
655 934
513 509
366 720
836 482
989 661
279 532
660 991
537 1
679 344
819 436
596 349
274 635
805 777
16 632
323 723
248 750
97 358
40 331
401 632
83 260
5 267
231 906
877 461
777 788
198 179
919 422
83 729
807 715
230 549
720 899
661 63
250 490
236 477
798 830
789 437
697 745
383 717
885 860
40 909
218 267
654 709
25 736
959 294
786 320
664 389
208 216
759 385
126 298
820 376
498 222
555 164
775 105
908 969
134 259
301 47
169 284
551 421
811 579
197 110
982 905
122 399
241 469
546 554
738 455
657 239
670 947
800 404
696 643
305 158
156 443
249 641
801 987
887 95
709 520
467 692
663 480
881 352
206 790
568 14
151 291
202 257
525 770
393 938
910 207
64 867
590 229
487 891
64 841
635 915
337 104
421 764
643 105
190 645
263 85
777 396
130 345
365 656
185 153
197 718
625 227
938 957
810 26
826 661
361 419
286 566
805 182
833 626
433 982
295 552
943 433
441 27
653 417
914 672
80 976
41 577
870 912
690 523
384 40
536 66
282 969
239 739
311 593
106 915
929 13
278 855
21 496
519 594
764 884
115 413
679 706
792 965
774 210
667 681
136 546
428 832
449 772
318 152
56 975
851 730
798 274
729 542
129 322
456 491
683 379
772 72
274 540
23 528
564 243
994 445
177 316
60 630
355 773
738 158
662 877
599 482
816 963
444 872
684 424
273 872
659 1
993 946
528 631
284 769
331 408
320 659
320 908
403 292
812 282
524 231
511 644
290 830
2 201
36 531
622 153
672 159
144 641
999 148
217 844
681 869
206 661
661 749
136 925
274 305
718 208
2 548
277 384
9 890
828 400
607 67
602 617
133 434
304 650
530 577
520 579
192 358
508 844
655 960
902 235
946 798
901 14
113 912
833 638
266 530
716 566
526 888
157 902
337 904
401 276
64 612
948 421
414 486
693 885
921 494
562 716
789 193
758 386
625 205
132 866
916 132
515 166
106 104
803 973
198 100
973 987
302 534
797 404
256 305
234 640
689 710
565 113
168 958
993 867
852 766
332 556
328 844
180 14
282 359
455 301
407 481
568 301
144 815
182 907
475 780
71 335
313 237
151 160
807 874
359 565
298 831
329 357
970 243
720 413
834 898
711 967
445 305
647 632
202 696
255 659
349 840
783 746
315 472
271 193
656 478
605 698
948 190
297 51
5 988
173 172
933 680
511 716
437 395
46 405
859 426
32 744
497 248
605 88
915 78
901 905
428 88
447 94
362 696
532 449
49 613
906 473
852 886
125 537
906 810
419 81
536 956
275 378
177 67
387 588
841 395
851 192
420 906
619 865
710 394
666 86
560 733
213 106
361 263
531 444
188 231
588 748
819 475
724 600
589 176
614 699
326 195
245 393
507 226
513 866
842 775
366 161
212 139
267 826
695 43
729 699
731 489
707 946
316 522
863 134
457 27
573 340
996 447
49 26
46 606
347 115
976 43
369 149
130 682
414 780
312 816
155 367
160 665
664 210
660 538
776 734
263 968
621 912
884 853
631 385
752 84
297 883
444 921
730 407
617 322
877 217
895 968
624 627
553 137
115 971
213 435
405 759
808 284
695 515
341 38
378 443
663 940
671 868
255 488
415 658
74 21
103 675
352 266
513 945
24 563
68 36
66 422
475 106
545 933
721 616
912 3
382 406
546 705
446 623
856 89
837 178
616 332
10 171
605 938
288 908
107 521
895 364
619 786
401 38
885 3
694 522
229 392
771 848
123 249
970 584
850 199
138 571
339 743
173 868
424 731
367 375
767 88
597 516
501 468
449 97
536 319
467 615
767 121
473 313
689 538
420 816
141 963
180 162
647 20
578 743
4 528
826 613
826 192
299 385
440 574
222 547
780 821
271 990
541 353
764 771
537 758
661 916
31 254
305 862
774 603
40 591
665 342
294 693
742 782
395 151
294 873
412 979
707 427
897 188
113 229
141 14
115 311
719 599
615 590
733 704
607 686
651 937
578 337
880 944
505 629
692 287
63 289
464 266
894 687
572 251
927 710
423 832
38 670
7 128
480 922
264 788
863 744
618 388
852 94
38 195
860 874
317 812
463 164
290 831
515 633
153 979
316 130
726 792
930 336
833 985
663 982
742 180
390 996
393 880
739 340
935 351
228 357
393 75
932 562
580 881
674 461
746 752
795 32
175 561
837 348
258 279
768 896
861 227
558 934
712 503
505 366
452 796
15 690
428 590
48 41
821 653
304 531
982 187
114 9
254 121
795 700
846 495
874 433
211 364
200 620
813 900
182 298
154 960
246 388
665 71
817 613
128 440
189 454
293 895
966 343
375 818
978 215
562 929
867 631
254 830
675 77
938 206
676 243
192 103
367 38
415 786
885 949
319 91
576 489
316 482
547 840
70 307
673 995
23 630
722 824
657 8
592 393
233 464
681 792
859 386
417 765
100 103
562 418
654 714
612 227
880 749
239 574
900 660
541 304
468 840
66 265
185 441
499 692
396 417
155 527
467 449
169 96
862 708
998 852
41 609
95 213
797 162
26 172
669 877
371 842
831 889
760 844
572 184
374 903
88 710
76 766
85 538
567 671
411 502
796 599
619 461
822 356
924 811
297 113
564 512
537 943
776 351
32 40
368 521
812 813
675 520
702 160
86 110
688 988
159 609
3 951
95 63
609 487
934 467
450 863
372 321
833 520
698 576
999 812
461 177
984 486
471 5
689 319
131 794
845 857
910 719
475 86
332 693
297 566
595 201
80 943
390 155
270 64
624 981
674 934
881 395
995 37
313 949
751 298
439 567
213 493
622 866
682 996
335 289
478 476
16 677
123 92
278 723
880 124
885 290
939 770
337 19
923 215
877 38
298 487
31 865
891 97
600 362
191 129
702 736
192 970
279 671
935 404
310 478
115 501
165 371
44 842
338 630
498 628
270 342
853 31
977 300
813 739
770 569
695 191
679 670
891 107
722 931
744 259
247 36
28 871
382 561
120 432
779 591
539 961
497 189
1 712
576 21
696 497
789 1
435 649
335 872
921 888
742 927
905 308
3 734
169 595
305 756
967 89
165 25
28 406
444 201
144 622
865 231
597 758
330 70
112 280
112 7
431 383
953 438
917 717
490 374
727 577
442 946
558 462
601 700
100 529
290 243
886 40
594 727
449 674
228 739
251 366
62 753
99 357
71 870
653 827
689 819
170 144
345 169
910 153
980 145
541 141
484 652
784 399
441 242
985 688
99 119
586 261
191 65
475 149
632 673
774 568
401 612
291 270
416 851
233 757
306 191
17 552
32 250
179 554
227 640
979 963
254 539
825 602
699 317
381 300
411 778
659 181
269 190
950 973
703 420
270 822
390 475
135 389
306 99
714 601
862 152
880 54
109 505
958 935
631 690
544 214
527 573
847 335
755 755
298 271
243 104
448 151
200 167
662 762
981 182
752 728
190 853
369 56
757 540
431 749
134 990
986 891
486 549
574 224
113 784
114 808
845 702
141 668
215 945
677 976
973 683
147 342
290 478
478 729
487 947
239 451
293 889
456 84
186 836
830 679
637 102
58 521
163 41
907 368
683 349
103 836
30 758
581 476
344 280
918 23
938 168
872 536
455 437
965 623
578 822
607 715
528 103
654 514
273 346
227 471
576 982
392 943
38 222
598 989
673 693
541 975
610 937
108 179
568 918
398 988
861 661
926 286
347 260
782 427
750 1000
348 51
884 651
694 506
787 834
739 553
384 20
972 648
240 110
808 146
289 541
848 687
458 639
230 511
529 851
589 136
540 146
4 586
999 15
662 912
684 970
254 849
923 802
360 141
105 997
269 2
48 556
221 285
75 490
120 835
880 659
483 553
838 190
550 165
842 780
285 806
592 4
129 937
880 239
848 721
491 954
870 837
353 137
857 776
185 211
248 456
486 176
524 264
107 397
360 871
888 263
964 562
410 731
371 465
458 554
705 437
728 211
634 295
870 624
758 701
504 178
591 661
715 289
111 114
863 770
187 294
794 251
864 626
872 916
678 507
692 871
109 76
190 288
408 309
281 814
375 768
790 198
119 768
619 516
1000 622
514 694
324 942
298 904
780 570
104 915
388 182
184 944
369 333
666 163
225 866
214 814
852 779
873 402
464 754
84 480
667 736
636 698
634 969
89 11
313 449
396 934
102 211
58 590
205 686
133 67
541 107
754 610
493 931
555 208
842 975
67 440
50 234
930 943
859 304
226 378
202 644
322 580
665 164
